1 0 1.txt 0
2 0 1.txt 0
3 0 1.txt 0
1 0 2.txt 0
2 0 2.txt 0
3 0 2.txt 0
1 0 3.txt 0
2 0 3.txt 0
3 0 3.txt 0
1 0 4.txt 3
2 0 4.txt 3
3 0 4.txt 3
1 0 5.txt 0
2 0 5.txt 0
3 0 5.txt 0
1 0 6.txt 3
2 0 6.txt 3
3 0 6.txt 3
1 0 7.txt 3
2 0 7.txt 3
3 0 7.txt 3
1 0 8.txt 0
2 0 8.txt 0
3 0 8.txt 0
1 0 9.txt 3
2 0 9.txt 3
3 0 9.txt 3
1 0 10.txt 0
2 0 10.txt 0
3 0 10.txt 0
1 0 11.txt 0
2 0 11.txt 0
3 0 11.txt 0
1 0 12.txt 0
2 0 12.txt 0
3 0 12.txt 0
1 0 13.txt 0
2 0 13.txt 0
3 0 13.txt 0
1 0 14.txt 0
2 0 14.txt 0
3 0 14.txt 0
1 0 15.txt 0
2 0 15.txt 0
3 0 15.txt 0
1 0 16.txt 0
2 0 16.txt 0
3 0 16.txt 0
1 0 17.txt 0
2 0 17.txt 0
3 0 17.txt 0
1 0 18.txt 0
2 0 18.txt 0
3 0 18.txt 0
1 0 19.txt 0
2 0 19.txt 0
3 0 19.txt 0
1 0 20.txt 3
2 0 20.txt 3
3 0 20.txt 3
1 0 21.txt 3
2 0 21.txt 3
3 0 21.txt 3
1 0 22.txt 3
2 0 22.txt 3
3 0 22.txt 3
1 0 23.txt 0
2 0 23.txt 0
3 0 23.txt 0
1 0 24.txt 3
2 0 24.txt 3
3 0 24.txt 3
1 0 25.txt 0
2 0 25.txt 0
3 0 25.txt 0
1 0 26.txt 0
2 0 26.txt 0
3 0 26.txt 0
1 0 27.txt 0
2 0 27.txt 0
3 0 27.txt 0
1 0 28.txt 3
2 0 28.txt 3
3 0 28.txt 3
1 0 29.txt 0
2 0 29.txt 0
3 0 29.txt 0
1 0 30.txt 0
2 0 30.txt 0
3 0 30.txt 0
1 0 31.txt 0
2 0 31.txt 0
3 0 31.txt 0
1 0 32.txt 3
2 0 32.txt 3
3 0 32.txt 3
1 0 33.txt 3
2 0 33.txt 3
3 0 33.txt 3
1 0 34.txt 0
2 0 34.txt 0
3 0 34.txt 0
1 0 35.txt 0
2 0 35.txt 0
3 0 35.txt 0
1 0 36.txt 0
2 0 36.txt 0
3 0 36.txt 0
1 0 37.txt 0
2 0 37.txt 0
3 0 37.txt 0
1 0 38.txt 0
2 0 38.txt 0
3 0 38.txt 0
1 0 39.txt 0
2 0 39.txt 0
3 0 39.txt 0
1 0 40.txt 0
2 0 40.txt 0
3 0 40.txt 0
1 0 41.txt 0
2 0 41.txt 0
3 0 41.txt 0
1 0 42.txt 0
2 0 42.txt 0
3 0 42.txt 0
1 0 43.txt 0
2 0 43.txt 0
3 0 43.txt 0
1 0 44.txt 0
2 0 44.txt 0
3 0 44.txt 0
1 0 45.txt 0
2 0 45.txt 0
3 0 45.txt 0
1 0 46.txt 0
2 0 46.txt 0
3 0 46.txt 0
1 0 47.txt 3
2 0 47.txt 3
3 0 47.txt 3
1 0 48.txt 0
2 0 48.txt 0
3 0 48.txt 0
1 0 49.txt 0
2 0 49.txt 0
3 0 49.txt 0
1 0 50.txt 0
2 0 50.txt 0
3 0 50.txt 0
1 0 51.txt 3
2 0 51.txt 3
3 0 51.txt 3
1 0 52.txt 3
2 0 52.txt 3
3 0 52.txt 3
1 0 53.txt 0
2 0 53.txt 0
3 0 53.txt 0
1 0 54.txt 0
2 0 54.txt 0
3 0 54.txt 0
1 0 55.txt 0
2 0 55.txt 0
3 0 55.txt 0
1 0 56.txt 0
2 0 56.txt 0
3 0 56.txt 0
1 0 57.txt 0
2 0 57.txt 0
3 0 57.txt 0
1 0 58.txt 0
2 0 58.txt 0
3 0 58.txt 0
1 0 59.txt 0
2 0 59.txt 0
3 0 59.txt 0
1 0 60.txt 3
2 0 60.txt 3
3 0 60.txt 3
1 0 61.txt 0
2 0 61.txt 0
3 0 61.txt 0
1 0 62.txt 0
2 0 62.txt 0
3 0 62.txt 0
1 0 63.txt 0
2 0 63.txt 0
3 0 63.txt 0
1 0 64.txt 0
2 0 64.txt 0
3 0 64.txt 0
1 0 65.txt 0
2 0 65.txt 0
3 0 65.txt 0
1 0 66.txt 3
2 0 66.txt 3
3 0 66.txt 3
4 0 439.txt 3
5 0 439.txt 3
6 0 439.txt 3
7 0 439.txt 3
4 0 440.txt 3
5 0 440.txt 3
6 0 440.txt 3
7 0 440.txt 3
4 0 441.txt 0
5 0 441.txt 0
6 0 441.txt 0
7 0 441.txt 0
4 0 442.txt 0
5 0 442.txt 0
6 0 442.txt 0
7 0 442.txt 0
4 0 443.txt 0
5 0 443.txt 0
6 0 443.txt 0
7 0 443.txt 0
4 0 444.txt 0
5 0 444.txt 0
6 0 444.txt 0
7 0 444.txt 0
4 0 445.txt 0
5 0 445.txt 0
6 0 445.txt 0
7 0 445.txt 0
4 0 446.txt 0
5 0 446.txt 0
6 0 446.txt 0
7 0 446.txt 0
4 0 447.txt 0
5 0 447.txt 0
6 0 447.txt 0
7 0 447.txt 0
4 0 448.txt 0
5 0 448.txt 0
6 0 448.txt 0
7 0 448.txt 0
4 0 449.txt 0
5 0 449.txt 0
6 0 449.txt 0
7 0 449.txt 0
4 0 450.txt 0
5 0 450.txt 0
6 0 450.txt 0
7 0 450.txt 0
4 0 451.txt 0
5 0 451.txt 0
6 0 451.txt 0
7 0 451.txt 0
4 0 452.txt 0
5 0 452.txt 0
6 0 452.txt 0
7 0 452.txt 0
4 0 453.txt 0
5 0 453.txt 0
6 0 453.txt 0
7 0 453.txt 0
4 0 454.txt 0
5 0 454.txt 0
6 0 454.txt 0
7 0 454.txt 0
4 0 455.txt 0
5 0 455.txt 0
6 0 455.txt 0
7 0 455.txt 0
4 0 456.txt 0
5 0 456.txt 0
6 0 456.txt 0
7 0 456.txt 0
4 0 457.txt 0
5 0 457.txt 0
6 0 457.txt 0
7 0 457.txt 0
4 0 458.txt 0
5 0 458.txt 0
6 0 458.txt 0
7 0 458.txt 0
4 0 459.txt 0
5 0 459.txt 0
6 0 459.txt 0
7 0 459.txt 0
4 0 460.txt 0
5 0 460.txt 0
6 0 460.txt 0
7 0 460.txt 0
4 0 461.txt 0
5 0 461.txt 0
6 0 461.txt 0
7 0 461.txt 0
4 0 462.txt 0
5 0 462.txt 0
6 0 462.txt 0
7 0 462.txt 0
4 0 463.txt 0
5 0 463.txt 0
6 0 463.txt 0
7 0 463.txt 0
4 0 464.txt 0
5 0 464.txt 0
6 0 464.txt 0
7 0 464.txt 0
4 0 465.txt 0
5 0 465.txt 0
6 0 465.txt 0
7 0 465.txt 0
4 0 466.txt 0
5 0 466.txt 0
6 0 466.txt 0
7 0 466.txt 0
4 0 467.txt 0
5 0 467.txt 0
6 0 467.txt 0
7 0 467.txt 0
4 0 468.txt 0
5 0 468.txt 0
6 0 468.txt 0
7 0 468.txt 0
4 0 469.txt 0
5 0 469.txt 0
6 0 469.txt 0
7 0 469.txt 0
4 0 470.txt 0
5 0 470.txt 0
6 0 470.txt 0
7 0 470.txt 0
4 0 471.txt 0
5 0 471.txt 0
6 0 471.txt 0
7 0 471.txt 0
4 0 472.txt 0
5 0 472.txt 0
6 0 472.txt 0
7 0 472.txt 0
4 0 473.txt 0
5 0 473.txt 0
6 0 473.txt 0
7 0 473.txt 0
4 0 474.txt 0
5 0 474.txt 0
6 0 474.txt 0
7 0 474.txt 0
4 0 475.txt 0
5 0 475.txt 0
6 0 475.txt 0
7 0 475.txt 0
4 0 476.txt 0
5 0 476.txt 0
6 0 476.txt 0
7 0 476.txt 0
4 0 477.txt 0
5 0 477.txt 0
6 0 477.txt 0
7 0 477.txt 0
4 0 478.txt 0
5 0 478.txt 0
6 0 478.txt 0
7 0 478.txt 0
4 0 479.txt 0
5 0 479.txt 0
6 0 479.txt 0
7 0 479.txt 0
4 0 480.txt 0
5 0 480.txt 0
6 0 480.txt 0
7 0 480.txt 0
4 0 481.txt 0
5 0 481.txt 0
6 0 481.txt 0
7 0 481.txt 0
4 0 482.txt 0
5 0 482.txt 0
6 0 482.txt 0
7 0 482.txt 0
4 0 483.txt 0
5 0 483.txt 0
6 0 483.txt 0
7 0 483.txt 0
4 0 484.txt 0
5 0 484.txt 0
6 0 484.txt 0
7 0 484.txt 0
4 0 485.txt 0
5 0 485.txt 0
6 0 485.txt 0
7 0 485.txt 0
4 0 486.txt 0
5 0 486.txt 0
6 0 486.txt 0
7 0 486.txt 0
4 0 487.txt 0
5 0 487.txt 0
6 0 487.txt 0
7 0 487.txt 0
4 0 488.txt 0
5 0 488.txt 0
6 0 488.txt 0
7 0 488.txt 0
4 0 489.txt 0
5 0 489.txt 0
6 0 489.txt 0
7 0 489.txt 0
4 0 490.txt 0
5 0 490.txt 0
6 0 490.txt 0
7 0 490.txt 0
4 0 491.txt 3
5 0 491.txt 3
6 0 491.txt 3
7 0 491.txt 3
4 0 492.txt 3
5 0 492.txt 3
6 0 492.txt 3
7 0 492.txt 3
4 0 493.txt 0
5 0 493.txt 0
6 0 493.txt 0
7 0 493.txt 0
4 0 494.txt 0
5 0 494.txt 0
6 0 494.txt 0
7 0 494.txt 0
4 0 495.txt 0
5 0 495.txt 0
6 0 495.txt 0
7 0 495.txt 0
4 0 496.txt 0
5 0 496.txt 0
6 0 496.txt 0
7 0 496.txt 0
4 0 497.txt 0
5 0 497.txt 0
6 0 497.txt 0
7 0 497.txt 0
4 0 498.txt 0
5 0 498.txt 0
6 0 498.txt 0
7 0 498.txt 0
4 0 499.txt 0
5 0 499.txt 0
6 0 499.txt 0
7 0 499.txt 0
4 0 500.txt 0
5 0 500.txt 0
6 0 500.txt 0
7 0 500.txt 0
4 0 501.txt 0
5 0 501.txt 0
6 0 501.txt 0
7 0 501.txt 0
4 0 502.txt 0
5 0 502.txt 0
6 0 502.txt 0
7 0 502.txt 0
4 0 503.txt 0
5 0 503.txt 0
6 0 503.txt 0
7 0 503.txt 0
4 0 504.txt 0
5 0 504.txt 0
6 0 504.txt 0
7 0 504.txt 0
4 0 505.txt 0
5 0 505.txt 0
6 0 505.txt 0
7 0 505.txt 0
4 0 506.txt 0
5 0 506.txt 0
6 0 506.txt 0
7 0 506.txt 0
4 0 507.txt 0
5 0 507.txt 0
6 0 507.txt 0
7 0 507.txt 0
8 0 508.txt 3
9 0 508.txt 3
10 0 508.txt 3
8 0 509.txt 3
9 0 509.txt 3
10 0 509.txt 3
8 0 510.txt 3
9 0 510.txt 3
10 0 510.txt 3
8 0 511.txt 0
9 0 511.txt 0
10 0 511.txt 0
8 0 512.txt 0
9 0 512.txt 0
10 0 512.txt 0
8 0 513.txt 0
9 0 513.txt 0
10 0 513.txt 0
8 0 514.txt 0
9 0 514.txt 0
10 0 514.txt 0
8 0 515.txt 0
9 0 515.txt 0
10 0 515.txt 0
8 0 516.txt 0
9 0 516.txt 0
10 0 516.txt 0
8 0 517.txt 0
9 0 517.txt 0
10 0 517.txt 0
8 0 518.txt 0
9 0 518.txt 0
10 0 518.txt 0
8 0 519.txt 3
9 0 519.txt 3
10 0 519.txt 3
8 0 520.txt 3
9 0 520.txt 3
10 0 520.txt 3
8 0 521.txt 3
9 0 521.txt 3
10 0 521.txt 3
8 0 522.txt 0
9 0 522.txt 0
10 0 522.txt 0
8 0 523.txt 0
9 0 523.txt 0
10 0 523.txt 0
8 0 524.txt 3
9 0 524.txt 3
10 0 524.txt 3
8 0 525.txt 3
9 0 525.txt 3
10 0 525.txt 3
8 0 526.txt 3
9 0 526.txt 3
10 0 526.txt 3
8 0 527.txt 3
9 0 527.txt 3
10 0 527.txt 3
8 0 528.txt 0
9 0 528.txt 0
10 0 528.txt 0
8 0 529.txt 0
9 0 529.txt 0
10 0 529.txt 0
8 0 530.txt 3
9 0 530.txt 3
10 0 530.txt 3
8 0 531.txt 0
9 0 531.txt 0
10 0 531.txt 0
8 0 532.txt 0
9 0 532.txt 0
10 0 532.txt 0
8 0 533.txt 0
9 0 533.txt 0
10 0 533.txt 0
8 0 534.txt 0
9 0 534.txt 0
10 0 534.txt 0
8 0 535.txt 0
9 0 535.txt 0
10 0 535.txt 0
8 0 536.txt 0
9 0 536.txt 0
10 0 536.txt 0
8 0 537.txt 0
9 0 537.txt 0
10 0 537.txt 0
8 0 538.txt 3
9 0 538.txt 3
10 0 538.txt 3
8 0 539.txt 3
9 0 539.txt 3
10 0 539.txt 3
8 0 540.txt 0
9 0 540.txt 0
10 0 540.txt 0
8 0 541.txt 3
9 0 541.txt 3
10 0 541.txt 3
8 0 542.txt 3
9 0 542.txt 3
10 0 542.txt 3
8 0 543.txt 0
9 0 543.txt 0
10 0 543.txt 0
8 0 544.txt 3
9 0 544.txt 3
10 0 544.txt 3
8 0 545.txt 3
9 0 545.txt 3
10 0 545.txt 3
8 0 546.txt 3
9 0 546.txt 3
10 0 546.txt 3
8 0 547.txt 3
9 0 547.txt 3
10 0 547.txt 3
8 0 548.txt 3
9 0 548.txt 3
10 0 548.txt 3
8 0 549.txt 0
9 0 549.txt 0
10 0 549.txt 0
8 0 550.txt 3
9 0 550.txt 3
10 0 550.txt 3
8 0 551.txt 3
9 0 551.txt 3
10 0 551.txt 3
8 0 552.txt 0
9 0 552.txt 0
10 0 552.txt 0
8 0 553.txt 3
9 0 553.txt 3
10 0 553.txt 3
8 0 554.txt 0
9 0 554.txt 0
10 0 554.txt 0
8 0 555.txt 0
9 0 555.txt 0
10 0 555.txt 0
8 0 556.txt 0
9 0 556.txt 0
10 0 556.txt 0
8 0 557.txt 3
9 0 557.txt 3
10 0 557.txt 3
8 0 558.txt 3
9 0 558.txt 3
10 0 558.txt 3
8 0 559.txt 3
9 0 559.txt 3
10 0 559.txt 3
8 0 560.txt 3
9 0 560.txt 3
10 0 560.txt 3
8 0 561.txt 3
9 0 561.txt 3
10 0 561.txt 3
8 0 562.txt 3
9 0 562.txt 3
10 0 562.txt 3
8 0 563.txt 3
9 0 563.txt 3
10 0 563.txt 3
8 0 564.txt 0
9 0 564.txt 0
10 0 564.txt 0
8 0 565.txt 3
9 0 565.txt 3
10 0 565.txt 3
8 0 566.txt 0
9 0 566.txt 0
10 0 566.txt 0
8 0 567.txt 0
9 0 567.txt 0
10 0 567.txt 0
8 0 568.txt 0
9 0 568.txt 0
10 0 568.txt 0
8 0 569.txt 0
9 0 569.txt 0
10 0 569.txt 0
8 0 570.txt 0
9 0 570.txt 0
10 0 570.txt 0
11 0 67.txt 0
12 0 67.txt 0
13 0 67.txt 0
14 0 67.txt 0
11 0 68.txt 0
12 0 68.txt 0
13 0 68.txt 0
14 0 68.txt 0
11 0 69.txt 0
12 0 69.txt 0
13 0 69.txt 0
14 0 69.txt 0
11 0 70.txt 0
12 0 70.txt 0
13 0 70.txt 0
14 0 70.txt 0
11 0 71.txt 0
12 0 71.txt 0
13 0 71.txt 0
14 0 71.txt 0
11 0 72.txt 0
12 0 72.txt 0
13 0 72.txt 0
14 0 72.txt 0
11 0 73.txt 3
12 0 73.txt 3
13 0 73.txt 3
14 0 73.txt 3
11 0 74.txt 3
12 0 74.txt 3
13 0 74.txt 3
14 0 74.txt 3
11 0 75.txt 0
12 0 75.txt 0
13 0 75.txt 0
14 0 75.txt 0
11 0 76.txt 0
12 0 76.txt 0
13 0 76.txt 0
14 0 76.txt 0
11 0 77.txt 0
12 0 77.txt 0
13 0 77.txt 0
14 0 77.txt 0
11 0 78.txt 0
12 0 78.txt 0
13 0 78.txt 0
14 0 78.txt 0
11 0 79.txt 0
12 0 79.txt 0
13 0 79.txt 0
14 0 79.txt 0
11 0 80.txt 0
12 0 80.txt 0
13 0 80.txt 0
14 0 80.txt 0
11 0 81.txt 0
12 0 81.txt 0
13 0 81.txt 0
14 0 81.txt 0
11 0 82.txt 0
12 0 82.txt 0
13 0 82.txt 0
14 0 82.txt 0
11 0 83.txt 0
12 0 83.txt 0
13 0 83.txt 0
14 0 83.txt 0
11 0 84.txt 3
12 0 84.txt 3
13 0 84.txt 3
14 0 84.txt 3
11 0 85.txt 0
12 0 85.txt 0
13 0 85.txt 0
14 0 85.txt 0
11 0 86.txt 0
12 0 86.txt 0
13 0 86.txt 0
14 0 86.txt 0
11 0 87.txt 0
12 0 87.txt 0
13 0 87.txt 0
14 0 87.txt 0
11 0 88.txt 0
12 0 88.txt 0
13 0 88.txt 0
14 0 88.txt 0
11 0 89.txt 0
12 0 89.txt 0
13 0 89.txt 0
14 0 89.txt 0
11 0 90.txt 0
12 0 90.txt 0
13 0 90.txt 0
14 0 90.txt 0
11 0 91.txt 3
12 0 91.txt 3
13 0 91.txt 3
14 0 91.txt 3
11 0 92.txt 0
12 0 92.txt 0
13 0 92.txt 0
14 0 92.txt 0
11 0 93.txt 0
12 0 93.txt 0
13 0 93.txt 0
14 0 93.txt 0
11 0 94.txt 0
12 0 94.txt 0
13 0 94.txt 0
14 0 94.txt 0
11 0 95.txt 0
12 0 95.txt 0
13 0 95.txt 0
14 0 95.txt 0
11 0 96.txt 0
12 0 96.txt 0
13 0 96.txt 0
14 0 96.txt 0
11 0 97.txt 0
12 0 97.txt 0
13 0 97.txt 0
14 0 97.txt 0
11 0 98.txt 0
12 0 98.txt 0
13 0 98.txt 0
14 0 98.txt 0
11 0 99.txt 3
12 0 99.txt 3
13 0 99.txt 3
14 0 99.txt 3
11 0 100.txt 0
12 0 100.txt 0
13 0 100.txt 0
14 0 100.txt 0
11 0 101.txt 0
12 0 101.txt 0
13 0 101.txt 0
14 0 101.txt 0
11 0 102.txt 3
12 0 102.txt 3
13 0 102.txt 3
14 0 102.txt 3
11 0 103.txt 0
12 0 103.txt 0
13 0 103.txt 0
14 0 103.txt 0
11 0 104.txt 0
12 0 104.txt 0
13 0 104.txt 0
14 0 104.txt 0
11 0 105.txt 0
12 0 105.txt 0
13 0 105.txt 0
14 0 105.txt 0
11 0 106.txt 0
12 0 106.txt 0
13 0 106.txt 0
14 0 106.txt 0
11 0 107.txt 0
12 0 107.txt 0
13 0 107.txt 0
14 0 107.txt 0
11 0 108.txt 0
12 0 108.txt 0
13 0 108.txt 0
14 0 108.txt 0
11 0 109.txt 3
12 0 109.txt 3
13 0 109.txt 3
14 0 109.txt 3
11 0 110.txt 3
12 0 110.txt 3
13 0 110.txt 3
14 0 110.txt 3
11 0 111.txt 0
12 0 111.txt 0
13 0 111.txt 0
14 0 111.txt 0
11 0 112.txt 3
12 0 112.txt 3
13 0 112.txt 3
14 0 112.txt 3
11 0 113.txt 0
12 0 113.txt 0
13 0 113.txt 0
14 0 113.txt 0
11 0 114.txt 0
12 0 114.txt 0
13 0 114.txt 0
14 0 114.txt 0
11 0 115.txt 3
12 0 115.txt 3
13 0 115.txt 3
14 0 115.txt 3
11 0 116.txt 0
12 0 116.txt 0
13 0 116.txt 0
14 0 116.txt 0
11 0 117.txt 0
12 0 117.txt 0
13 0 117.txt 0
14 0 117.txt 0
11 0 118.txt 3
12 0 118.txt 3
13 0 118.txt 3
14 0 118.txt 3
11 0 119.txt 0
12 0 119.txt 0
13 0 119.txt 0
14 0 119.txt 0
11 0 120.txt 3
12 0 120.txt 3
13 0 120.txt 3
14 0 120.txt 3
11 0 121.txt 0
12 0 121.txt 0
13 0 121.txt 0
14 0 121.txt 0
11 0 122.txt 0
12 0 122.txt 0
13 0 122.txt 0
14 0 122.txt 0
11 0 123.txt 0
12 0 123.txt 0
13 0 123.txt 0
14 0 123.txt 0
11 0 124.txt 0
12 0 124.txt 0
13 0 124.txt 0
14 0 124.txt 0
11 0 125.txt 3
12 0 125.txt 3
13 0 125.txt 3
14 0 125.txt 3
11 0 126.txt 0
12 0 126.txt 0
13 0 126.txt 0
14 0 126.txt 0
11 0 127.txt 0
12 0 127.txt 0
13 0 127.txt 0
14 0 127.txt 0
11 0 128.txt 0
12 0 128.txt 0
13 0 128.txt 0
14 0 128.txt 0
11 0 129.txt 3
12 0 129.txt 3
13 0 129.txt 3
14 0 129.txt 3
11 0 130.txt 3
12 0 130.txt 3
13 0 130.txt 3
14 0 130.txt 3
11 0 131.txt 3
12 0 131.txt 3
13 0 131.txt 3
14 0 131.txt 3
11 0 132.txt 0
12 0 132.txt 0
13 0 132.txt 0
14 0 132.txt 0
11 0 133.txt 0
12 0 133.txt 0
13 0 133.txt 0
14 0 133.txt 0
11 0 134.txt 0
12 0 134.txt 0
13 0 134.txt 0
14 0 134.txt 0
11 0 135.txt 3
12 0 135.txt 3
13 0 135.txt 3
14 0 135.txt 3
11 0 136.txt 0
12 0 136.txt 0
13 0 136.txt 0
14 0 136.txt 0
11 0 137.txt 0
12 0 137.txt 0
13 0 137.txt 0
14 0 137.txt 0
11 0 138.txt 0
12 0 138.txt 0
13 0 138.txt 0
14 0 138.txt 0
11 0 139.txt 0
12 0 139.txt 0
13 0 139.txt 0
14 0 139.txt 0
11 0 140.txt 0
12 0 140.txt 0
13 0 140.txt 0
14 0 140.txt 0
11 0 141.txt 0
12 0 141.txt 0
13 0 141.txt 0
14 0 141.txt 0
11 0 142.txt 0
12 0 142.txt 0
13 0 142.txt 0
14 0 142.txt 0
11 0 143.txt 0
12 0 143.txt 0
13 0 143.txt 0
14 0 143.txt 0
11 0 144.txt 0
12 0 144.txt 0
13 0 144.txt 0
14 0 144.txt 0
11 0 145.txt 0
12 0 145.txt 0
13 0 145.txt 0
14 0 145.txt 0
11 0 146.txt 0
12 0 146.txt 0
13 0 146.txt 0
14 0 146.txt 0
11 0 147.txt 0
12 0 147.txt 0
13 0 147.txt 0
14 0 147.txt 0
11 0 148.txt 0
12 0 148.txt 0
13 0 148.txt 0
14 0 148.txt 0
11 0 149.txt 0
12 0 149.txt 0
13 0 149.txt 0
14 0 149.txt 0
11 0 150.txt 0
12 0 150.txt 0
13 0 150.txt 0
14 0 150.txt 0
11 0 151.txt 0
12 0 151.txt 0
13 0 151.txt 0
14 0 151.txt 0
11 0 152.txt 0
12 0 152.txt 0
13 0 152.txt 0
14 0 152.txt 0
15 0 153.txt 3
16 0 153.txt 3
17 0 153.txt 3
15 0 154.txt 0
16 0 154.txt 0
17 0 154.txt 0
15 0 155.txt 3
16 0 155.txt 3
17 0 155.txt 3
15 0 156.txt 3
16 0 156.txt 3
17 0 156.txt 3
15 0 157.txt 3
16 0 157.txt 3
17 0 157.txt 3
15 0 158.txt 3
16 0 158.txt 3
17 0 158.txt 3
15 0 159.txt 3
16 0 159.txt 3
17 0 159.txt 3
15 0 160.txt 3
16 0 160.txt 3
17 0 160.txt 3
15 0 161.txt 3
16 0 161.txt 3
17 0 161.txt 3
15 0 162.txt 0
16 0 162.txt 0
17 0 162.txt 0
15 0 163.txt 3
16 0 163.txt 3
17 0 163.txt 3
15 0 164.txt 0
16 0 164.txt 0
17 0 164.txt 0
15 0 165.txt 0
16 0 165.txt 0
17 0 165.txt 0
15 0 166.txt 3
16 0 166.txt 3
17 0 166.txt 3
15 0 167.txt 3
16 0 167.txt 3
17 0 167.txt 3
15 0 168.txt 3
16 0 168.txt 3
17 0 168.txt 3
15 0 169.txt 3
16 0 169.txt 3
17 0 169.txt 3
15 0 170.txt 0
16 0 170.txt 0
17 0 170.txt 0
15 0 171.txt 0
16 0 171.txt 0
17 0 171.txt 0
15 0 172.txt 0
16 0 172.txt 0
17 0 172.txt 0
15 0 173.txt 3
16 0 173.txt 3
17 0 173.txt 3
15 0 174.txt 3
16 0 174.txt 3
17 0 174.txt 3
15 0 175.txt 3
16 0 175.txt 3
17 0 175.txt 3
15 0 176.txt 0
16 0 176.txt 0
17 0 176.txt 0
15 0 177.txt 3
16 0 177.txt 3
17 0 177.txt 3
15 0 178.txt 3
16 0 178.txt 3
17 0 178.txt 3
15 0 179.txt 3
16 0 179.txt 3
17 0 179.txt 3
15 0 180.txt 0
16 0 180.txt 0
17 0 180.txt 0
15 0 181.txt 0
16 0 181.txt 0
17 0 181.txt 0
15 0 182.txt 0
16 0 182.txt 0
17 0 182.txt 0
15 0 183.txt 3
16 0 183.txt 3
17 0 183.txt 3
15 0 184.txt 3
16 0 184.txt 3
17 0 184.txt 3
15 0 185.txt 0
16 0 185.txt 0
17 0 185.txt 0
15 0 186.txt 0
16 0 186.txt 0
17 0 186.txt 0
15 0 187.txt 0
16 0 187.txt 0
17 0 187.txt 0
15 0 188.txt 0
16 0 188.txt 0
17 0 188.txt 0
15 0 189.txt 3
16 0 189.txt 3
17 0 189.txt 3
15 0 190.txt 3
16 0 190.txt 3
17 0 190.txt 3
15 0 191.txt 0
16 0 191.txt 0
17 0 191.txt 0
15 0 192.txt 0
16 0 192.txt 0
17 0 192.txt 0
15 0 193.txt 0
16 0 193.txt 0
17 0 193.txt 0
15 0 194.txt 0
16 0 194.txt 0
17 0 194.txt 0
15 0 195.txt 0
16 0 195.txt 0
17 0 195.txt 0
15 0 196.txt 3
16 0 196.txt 3
17 0 196.txt 3
15 0 197.txt 3
16 0 197.txt 3
17 0 197.txt 3
15 0 198.txt 0
16 0 198.txt 0
17 0 198.txt 0
15 0 199.txt 0
16 0 199.txt 0
17 0 199.txt 0
15 0 200.txt 0
16 0 200.txt 0
17 0 200.txt 0
15 0 201.txt 3
16 0 201.txt 3
17 0 201.txt 3
15 0 202.txt 3
16 0 202.txt 3
17 0 202.txt 3
15 0 203.txt 0
16 0 203.txt 0
17 0 203.txt 0
15 0 204.txt 0
16 0 204.txt 0
17 0 204.txt 0
15 0 205.txt 3
16 0 205.txt 3
17 0 205.txt 3
15 0 206.txt 3
16 0 206.txt 3
17 0 206.txt 3
15 0 207.txt 0
16 0 207.txt 0
17 0 207.txt 0
15 0 208.txt 3
16 0 208.txt 3
17 0 208.txt 3
15 0 209.txt 3
16 0 209.txt 3
17 0 209.txt 3
15 0 210.txt 3
16 0 210.txt 3
17 0 210.txt 3
15 0 211.txt 0
16 0 211.txt 0
17 0 211.txt 0
15 0 212.txt 0
16 0 212.txt 0
17 0 212.txt 0
15 0 213.txt 3
16 0 213.txt 3
17 0 213.txt 3
15 0 214.txt 3
16 0 214.txt 3
17 0 214.txt 3
15 0 215.txt 0
16 0 215.txt 0
17 0 215.txt 0
15 0 216.txt 0
16 0 216.txt 0
17 0 216.txt 0
15 0 217.txt 3
16 0 217.txt 3
17 0 217.txt 3
15 0 218.txt 3
16 0 218.txt 3
17 0 218.txt 3
15 0 219.txt 3
16 0 219.txt 3
17 0 219.txt 3
15 0 220.txt 3
16 0 220.txt 3
17 0 220.txt 3
15 0 221.txt 0
16 0 221.txt 0
17 0 221.txt 0
15 0 222.txt 0
16 0 222.txt 0
17 0 222.txt 0
15 0 223.txt 0
16 0 223.txt 0
17 0 223.txt 0
15 0 224.txt 3
16 0 224.txt 3
17 0 224.txt 3
18 0 225.txt 3
19 0 225.txt 3
20 0 225.txt 3
18 0 226.txt 0
19 0 226.txt 0
20 0 226.txt 0
18 0 227.txt 0
19 0 227.txt 0
20 0 227.txt 0
18 0 228.txt 0
19 0 228.txt 0
20 0 228.txt 0
18 0 229.txt 0
19 0 229.txt 0
20 0 229.txt 0
18 0 230.txt 0
19 0 230.txt 0
20 0 230.txt 0
18 0 231.txt 0
19 0 231.txt 0
20 0 231.txt 0
18 0 232.txt 0
19 0 232.txt 0
20 0 232.txt 0
18 0 233.txt 0
19 0 233.txt 0
20 0 233.txt 0
18 0 234.txt 3
19 0 234.txt 3
20 0 234.txt 3
18 0 235.txt 0
19 0 235.txt 0
20 0 235.txt 0
18 0 236.txt 0
19 0 236.txt 0
20 0 236.txt 0
18 0 237.txt 3
19 0 237.txt 3
20 0 237.txt 3
18 0 238.txt 0
19 0 238.txt 0
20 0 238.txt 0
18 0 239.txt 0
19 0 239.txt 0
20 0 239.txt 0
18 0 240.txt 0
19 0 240.txt 0
20 0 240.txt 0
18 0 241.txt 3
19 0 241.txt 3
20 0 241.txt 3
18 0 242.txt 0
19 0 242.txt 0
20 0 242.txt 0
18 0 243.txt 0
19 0 243.txt 0
20 0 243.txt 0
18 0 244.txt 0
19 0 244.txt 0
20 0 244.txt 0
18 0 245.txt 0
19 0 245.txt 0
20 0 245.txt 0
18 0 246.txt 3
19 0 246.txt 3
20 0 246.txt 3
18 0 247.txt 0
19 0 247.txt 0
20 0 247.txt 0
18 0 248.txt 0
19 0 248.txt 0
20 0 248.txt 0
18 0 249.txt 0
19 0 249.txt 0
20 0 249.txt 0
18 0 250.txt 0
19 0 250.txt 0
20 0 250.txt 0
18 0 251.txt 0
19 0 251.txt 0
20 0 251.txt 0
18 0 252.txt 0
19 0 252.txt 0
20 0 252.txt 0
18 0 253.txt 0
19 0 253.txt 0
20 0 253.txt 0
18 0 254.txt 3
19 0 254.txt 3
20 0 254.txt 3
18 0 255.txt 0
19 0 255.txt 0
20 0 255.txt 0
18 0 256.txt 0
19 0 256.txt 0
20 0 256.txt 0
18 0 257.txt 0
19 0 257.txt 0
20 0 257.txt 0
18 0 258.txt 0
19 0 258.txt 0
20 0 258.txt 0
18 0 259.txt 0
19 0 259.txt 0
20 0 259.txt 0
18 0 260.txt 0
19 0 260.txt 0
20 0 260.txt 0
18 0 261.txt 3
19 0 261.txt 3
20 0 261.txt 3
18 0 262.txt 0
19 0 262.txt 0
20 0 262.txt 0
18 0 263.txt 3
19 0 263.txt 3
20 0 263.txt 3
18 0 264.txt 0
19 0 264.txt 0
20 0 264.txt 0
18 0 265.txt 0
19 0 265.txt 0
20 0 265.txt 0
18 0 266.txt 3
19 0 266.txt 3
20 0 266.txt 3
18 0 267.txt 0
19 0 267.txt 0
20 0 267.txt 0
18 0 268.txt 0
19 0 268.txt 0
20 0 268.txt 0
18 0 269.txt 3
19 0 269.txt 3
20 0 269.txt 3
18 0 270.txt 0
19 0 270.txt 0
20 0 270.txt 0
18 0 271.txt 0
19 0 271.txt 0
20 0 271.txt 0
18 0 272.txt 3
19 0 272.txt 3
20 0 272.txt 3
18 0 273.txt 0
19 0 273.txt 0
20 0 273.txt 0
18 0 274.txt 0
19 0 274.txt 0
20 0 274.txt 0
18 0 275.txt 0
19 0 275.txt 0
20 0 275.txt 0
18 0 276.txt 0
19 0 276.txt 0
20 0 276.txt 0
18 0 277.txt 0
19 0 277.txt 0
20 0 277.txt 0
18 0 278.txt 0
19 0 278.txt 0
20 0 278.txt 0
18 0 279.txt 0
19 0 279.txt 0
20 0 279.txt 0
18 0 280.txt 3
19 0 280.txt 3
20 0 280.txt 3
18 0 281.txt 3
19 0 281.txt 3
20 0 281.txt 3
18 0 282.txt 0
19 0 282.txt 0
20 0 282.txt 0
18 0 283.txt 0
19 0 283.txt 0
20 0 283.txt 0
18 0 284.txt 0
19 0 284.txt 0
20 0 284.txt 0
18 0 285.txt 0
19 0 285.txt 0
20 0 285.txt 0
18 0 286.txt 0
19 0 286.txt 0
20 0 286.txt 0
18 0 287.txt 0
19 0 287.txt 0
20 0 287.txt 0
18 0 288.txt 0
19 0 288.txt 0
20 0 288.txt 0
18 0 289.txt 0
19 0 289.txt 0
20 0 289.txt 0
18 0 290.txt 0
19 0 290.txt 0
20 0 290.txt 0
18 0 291.txt 0
19 0 291.txt 0
20 0 291.txt 0
18 0 292.txt 0
19 0 292.txt 0
20 0 292.txt 0
18 0 293.txt 0
19 0 293.txt 0
20 0 293.txt 0
18 0 294.txt 0
19 0 294.txt 0
20 0 294.txt 0
18 0 295.txt 0
19 0 295.txt 0
20 0 295.txt 0
21 0 296.txt 0
22 0 296.txt 0
23 0 296.txt 0
21 0 297.txt 0
22 0 297.txt 0
23 0 297.txt 0
21 0 298.txt 0
22 0 298.txt 0
23 0 298.txt 0
21 0 299.txt 3
22 0 299.txt 3
23 0 299.txt 3
21 0 300.txt 0
22 0 300.txt 0
23 0 300.txt 0
21 0 301.txt 0
22 0 301.txt 0
23 0 301.txt 0
21 0 302.txt 0
22 0 302.txt 0
23 0 302.txt 0
21 0 303.txt 0
22 0 303.txt 0
23 0 303.txt 0
21 0 304.txt 0
22 0 304.txt 0
23 0 304.txt 0
21 0 305.txt 3
22 0 305.txt 3
23 0 305.txt 3
21 0 306.txt 0
22 0 306.txt 0
23 0 306.txt 0
21 0 307.txt 0
22 0 307.txt 0
23 0 307.txt 0
21 0 308.txt 0
22 0 308.txt 0
23 0 308.txt 0
21 0 309.txt 0
22 0 309.txt 0
23 0 309.txt 0
21 0 310.txt 0
22 0 310.txt 0
23 0 310.txt 0
21 0 311.txt 3
22 0 311.txt 3
23 0 311.txt 3
21 0 312.txt 0
22 0 312.txt 0
23 0 312.txt 0
21 0 313.txt 0
22 0 313.txt 0
23 0 313.txt 0
21 0 314.txt 0
22 0 314.txt 0
23 0 314.txt 0
21 0 315.txt 0
22 0 315.txt 0
23 0 315.txt 0
21 0 316.txt 3
22 0 316.txt 3
23 0 316.txt 3
21 0 317.txt 3
22 0 317.txt 3
23 0 317.txt 3
21 0 318.txt 3
22 0 318.txt 3
23 0 318.txt 3
21 0 319.txt 0
22 0 319.txt 0
23 0 319.txt 0
21 0 320.txt 0
22 0 320.txt 0
23 0 320.txt 0
21 0 321.txt 0
22 0 321.txt 0
23 0 321.txt 0
21 0 322.txt 3
22 0 322.txt 3
23 0 322.txt 3
21 0 323.txt 0
22 0 323.txt 0
23 0 323.txt 0
21 0 324.txt 0
22 0 324.txt 0
23 0 324.txt 0
21 0 325.txt 0
22 0 325.txt 0
23 0 325.txt 0
21 0 326.txt 0
22 0 326.txt 0
23 0 326.txt 0
21 0 327.txt 3
22 0 327.txt 3
23 0 327.txt 3
21 0 328.txt 0
22 0 328.txt 0
23 0 328.txt 0
21 0 329.txt 0
22 0 329.txt 0
23 0 329.txt 0
21 0 330.txt 3
22 0 330.txt 3
23 0 330.txt 3
21 0 331.txt 0
22 0 331.txt 0
23 0 331.txt 0
21 0 332.txt 0
22 0 332.txt 0
23 0 332.txt 0
21 0 333.txt 0
22 0 333.txt 0
23 0 333.txt 0
21 0 334.txt 0
22 0 334.txt 0
23 0 334.txt 0
21 0 335.txt 3
22 0 335.txt 3
23 0 335.txt 3
21 0 336.txt 0
22 0 336.txt 0
23 0 336.txt 0
21 0 337.txt 0
22 0 337.txt 0
23 0 337.txt 0
21 0 338.txt 0
22 0 338.txt 0
23 0 338.txt 0
21 0 339.txt 0
22 0 339.txt 0
23 0 339.txt 0
21 0 340.txt 0
22 0 340.txt 0
23 0 340.txt 0
21 0 341.txt 0
22 0 341.txt 0
23 0 341.txt 0
21 0 342.txt 0
22 0 342.txt 0
23 0 342.txt 0
21 0 343.txt 0
22 0 343.txt 0
23 0 343.txt 0
21 0 344.txt 0
22 0 344.txt 0
23 0 344.txt 0
21 0 345.txt 0
22 0 345.txt 0
23 0 345.txt 0
21 0 346.txt 0
22 0 346.txt 0
23 0 346.txt 0
21 0 347.txt 0
22 0 347.txt 0
23 0 347.txt 0
21 0 348.txt 0
22 0 348.txt 0
23 0 348.txt 0
21 0 349.txt 0
22 0 349.txt 0
23 0 349.txt 0
21 0 350.txt 0
22 0 350.txt 0
23 0 350.txt 0
21 0 351.txt 0
22 0 351.txt 0
23 0 351.txt 0
21 0 352.txt 0
22 0 352.txt 0
23 0 352.txt 0
21 0 353.txt 0
22 0 353.txt 0
23 0 353.txt 0
21 0 354.txt 0
22 0 354.txt 0
23 0 354.txt 0
21 0 355.txt 0
22 0 355.txt 0
23 0 355.txt 0
21 0 356.txt 0
22 0 356.txt 0
23 0 356.txt 0
21 0 357.txt 0
22 0 357.txt 0
23 0 357.txt 0
21 0 358.txt 0
22 0 358.txt 0
23 0 358.txt 0
21 0 359.txt 0
22 0 359.txt 0
23 0 359.txt 0
21 0 360.txt 0
22 0 360.txt 0
23 0 360.txt 0
21 0 361.txt 0
22 0 361.txt 0
23 0 361.txt 0
21 0 362.txt 3
22 0 362.txt 3
23 0 362.txt 3
21 0 363.txt 0
22 0 363.txt 0
23 0 363.txt 0
21 0 364.txt 0
22 0 364.txt 0
23 0 364.txt 0
21 0 365.txt 0
22 0 365.txt 0
23 0 365.txt 0
21 0 366.txt 0
22 0 366.txt 0
23 0 366.txt 0
21 0 367.txt 0
22 0 367.txt 0
23 0 367.txt 0
21 0 368.txt 0
22 0 368.txt 0
23 0 368.txt 0
21 0 369.txt 0
22 0 369.txt 0
23 0 369.txt 0
24 0 370.txt 3
25 0 370.txt 3
26 0 370.txt 3
24 0 371.txt 3
25 0 371.txt 3
26 0 371.txt 3
24 0 372.txt 0
25 0 372.txt 0
26 0 372.txt 0
24 0 373.txt 0
25 0 373.txt 0
26 0 373.txt 0
24 0 374.txt 3
25 0 374.txt 3
26 0 374.txt 3
24 0 375.txt 3
25 0 375.txt 3
26 0 375.txt 3
24 0 376.txt 3
25 0 376.txt 3
26 0 376.txt 3
24 0 377.txt 0
25 0 377.txt 0
26 0 377.txt 0
24 0 378.txt 3
25 0 378.txt 3
26 0 378.txt 3
24 0 379.txt 3
25 0 379.txt 3
26 0 379.txt 3
24 0 380.txt 0
25 0 380.txt 0
26 0 380.txt 0
24 0 381.txt 0
25 0 381.txt 0
26 0 381.txt 0
24 0 382.txt 3
25 0 382.txt 3
26 0 382.txt 3
24 0 383.txt 3
25 0 383.txt 3
26 0 383.txt 3
24 0 384.txt 3
25 0 384.txt 3
26 0 384.txt 3
24 0 385.txt 3
25 0 385.txt 3
26 0 385.txt 3
24 0 386.txt 3
25 0 386.txt 3
26 0 386.txt 3
24 0 387.txt 3
25 0 387.txt 3
26 0 387.txt 3
24 0 388.txt 3
25 0 388.txt 3
26 0 388.txt 3
24 0 389.txt 0
25 0 389.txt 0
26 0 389.txt 0
24 0 390.txt 3
25 0 390.txt 3
26 0 390.txt 3
24 0 391.txt 3
25 0 391.txt 3
26 0 391.txt 3
24 0 392.txt 0
25 0 392.txt 0
26 0 392.txt 0
24 0 393.txt 3
25 0 393.txt 3
26 0 393.txt 3
24 0 394.txt 3
25 0 394.txt 3
26 0 394.txt 3
24 0 395.txt 3
25 0 395.txt 3
26 0 395.txt 3
24 0 396.txt 3
25 0 396.txt 3
26 0 396.txt 3
24 0 397.txt 3
25 0 397.txt 3
26 0 397.txt 3
24 0 398.txt 0
25 0 398.txt 0
26 0 398.txt 0
24 0 399.txt 0
25 0 399.txt 0
26 0 399.txt 0
24 0 400.txt 0
25 0 400.txt 0
26 0 400.txt 0
24 0 401.txt 3
25 0 401.txt 3
26 0 401.txt 3
24 0 402.txt 3
25 0 402.txt 3
26 0 402.txt 3
24 0 403.txt 3
25 0 403.txt 3
26 0 403.txt 3
24 0 404.txt 3
25 0 404.txt 3
26 0 404.txt 3
24 0 405.txt 3
25 0 405.txt 3
26 0 405.txt 3
24 0 406.txt 0
25 0 406.txt 0
26 0 406.txt 0
24 0 407.txt 0
25 0 407.txt 0
26 0 407.txt 0
24 0 408.txt 0
25 0 408.txt 0
26 0 408.txt 0
24 0 409.txt 0
25 0 409.txt 0
26 0 409.txt 0
24 0 410.txt 0
25 0 410.txt 0
26 0 410.txt 0
24 0 411.txt 0
25 0 411.txt 0
26 0 411.txt 0
24 0 412.txt 3
25 0 412.txt 3
26 0 412.txt 3
24 0 413.txt 3
25 0 413.txt 3
26 0 413.txt 3
24 0 414.txt 0
25 0 414.txt 0
26 0 414.txt 0
24 0 415.txt 3
25 0 415.txt 3
26 0 415.txt 3
24 0 416.txt 3
25 0 416.txt 3
26 0 416.txt 3
24 0 417.txt 0
25 0 417.txt 0
26 0 417.txt 0
24 0 418.txt 0
25 0 418.txt 0
26 0 418.txt 0
24 0 419.txt 3
25 0 419.txt 3
26 0 419.txt 3
24 0 420.txt 0
25 0 420.txt 0
26 0 420.txt 0
24 0 421.txt 3
25 0 421.txt 3
26 0 421.txt 3
24 0 422.txt 0
25 0 422.txt 0
26 0 422.txt 0
24 0 423.txt 3
25 0 423.txt 3
26 0 423.txt 3
24 0 424.txt 0
25 0 424.txt 0
26 0 424.txt 0
24 0 425.txt 3
25 0 425.txt 3
26 0 425.txt 3
24 0 426.txt 0
25 0 426.txt 0
26 0 426.txt 0
24 0 427.txt 3
25 0 427.txt 3
26 0 427.txt 3
24 0 428.txt 0
25 0 428.txt 0
26 0 428.txt 0
24 0 429.txt 0
25 0 429.txt 0
26 0 429.txt 0
24 0 430.txt 0
25 0 430.txt 0
26 0 430.txt 0
24 0 431.txt 3
25 0 431.txt 3
26 0 431.txt 3
24 0 432.txt 0
25 0 432.txt 0
26 0 432.txt 0
24 0 433.txt 3
25 0 433.txt 3
26 0 433.txt 3
24 0 434.txt 0
25 0 434.txt 0
26 0 434.txt 0
24 0 435.txt 3
25 0 435.txt 3
26 0 435.txt 3
24 0 436.txt 3
25 0 436.txt 3
26 0 436.txt 3
24 0 437.txt 3
25 0 437.txt 3
26 0 437.txt 3
24 0 438.txt 0
25 0 438.txt 0
26 0 438.txt 0
